# [15,6,13,13,1,11,6,4]
# 						    	4	
# 					    	6	10	
# 				    	11	1	11	
# 			    	1	12	13	8	
# 		    	13	14	10	7	15	
# 	    	13	10	8	2	9	8	
#    	6	3	13	5	7	0	8	
# 15	5	8	5	10	1	1	9

# [15,6,13,13,1,11,7,4]
# 							    4	
# 						    7	11	
# 					    11	2	13	
# 				    1	12	14	11	
# 			    13	14	10	8	3	
# 		    13	10	8	2	10	13	
# 	    6	3	13	5	7	1	14	
#   15	5	8	5	10	1	2	0   
#                           1   x

# [15,6,13,13,1,11,7,5]
# 						    	5	
# 					    	7	12	
# 				    	11	2	14	
# 			    	1	12	14	12	
# 		    	13	14	10	8	4	
# 	    	13	10	8	2	10	14	
#    	6	3	13	5	7	1	15	
# 15	5	8	5	10	1	2	1
#                               1

# [15,6,13,13,1,12,7,5]
# 						    	5	
# 					    	7	12	
# 				    	12	3	15	1
# 			    	1	13	0	15	3   2
# 		    	13	14	11	11	10	6   3   1
# 	    	13	10	8	3	14	8	10  4   1
#    	6	3	13	5	8	6	14	15  5   1
# 15	5	8	5	10	2	8	6   21  6   1
#                       1   6   6!

# [15,6,13,13,2,12,7,5]
# 							    5	
# 						    7	12	
# 					    12	3	15	
# 				    2	14	1	0	1
# 			    13	15	13	14	14	4   3
# 		    13	10	9	6	4	2	10  6   3
# 	    6	3	13	6	12	0	2   20  10  4   1
#    15	5	8	5	11	7	7	9   35  15  5   1
#                   1   x   x!  ?

# [15,6,13,14,2,12,7,5]
# 						    	5	
# 					    	7	12	
# 				    	12	3	15	
# 			    	2	14	1	0	
# 		    	14	0	14	15	15  1	
# 	    	13	11	11	9	8	7   5   4
#   	6	3	14	9	2	10	1	15  10  6
# 15	5	8	6	15	1	11	12  35  20  10  4
#               1   x   x!  4   3

# [15,6,14,14,2,12,7,5]
# 							    5	
# 						    7	12	
# 					    12	3	15	
# 				    2	14	1	0	
# 			    14	0	14	15	15	
# 		    14	12	12	10	9	8
# 	    6	4	0	12	6	15	7
#   15	5	9	9	5	11	10	1
#           1   x   x!  r!  r!  r!
#                       26  31  21
#                       42  47  37


#   1
#   1   1   1   1   1   1   1   1

#   2
#   r-(x-1) r-(x-1)

#   3
#   0   0   1   x   x!  x+1!    x+2!    x+3!

#   4
#   0	0	0	1	4	10	4	3

#   1   1   1   1   1
#   5   4   3   2   1
#   15  10  6   3   1
#   35  20  10  4   1

#   1   6   21  56
#   1   5   15  35  70  126
#   1   4   10  20  35  56
#   1   3   6   10  15  21
#   1   2   3   4   5   6
#   1   1   1   1   1   1

#   1
#   1   0
#   1   0   0
#   1   0   0   0

#   1
#   2   1
#   3   1   0
#   4   1   0   0

#   1
#   3   2
#   6   3  1
#   10  4   1   0

#   1
#   4   3
#   10  6   3
#   20  10  4   1

#   1
#   5   4
#   15  10  6
#   35  20  10  4

#   1
#   6   5
#   21  15  10


1 2 3 4 5 6 7 8

0, 0, 0, 0






1111111111111111111111111111111111122222222222222222222333333333344445 
2222222222222223333333333444444555633333333334444445556444444555655566 
3333344445556674444555667555667667744445556675556676677555667667766777
4567856786787885678678788678788788856786787886787887888678788788878888

35      20 10 4 1
15 		10 6  3 1
5  		4  3  2 1
1  		1  1  1 1



0 1 2 3 4 5 6 7 8 9 10 11 12 13 14 15 16 17 18 19

0 0 0 0 0 0 0 0 0 0 1  1  1  1  1  1  2  2  2  3  
0 0 0 0 1 1 1 2 2 3 1  1  1  2  2  3  2  2  3  3
0 1 2 3 1 2 3 2 3 3 1  2  3  2  3  3  2  3  3  3


0 0 0 0 0 0 0 0 0 0 0 0 0 0 0 0 0 0 0 0      
0 0 0 0 0 0 0 0 0 0 1 1 1 1 1 1 2 2 2 3
0 0 0 0 1 1 1 2 2 3 1 1 1 2 2 3 2 2 3 3
0 1 2 3 1 2 3 2 3 3 1 2 3 2 3 3 2 3 3 3






